---
build/images/apartment-home.jpg: 2015-07-31 01:06:25.000000000 -04:00
build/images/apartment.gif: 2015-07-31 01:06:25.000000000 -04:00
build/images/cmyk-test.gif: 2015-07-31 01:06:27.000000000 -04:00
build/images/cmyk-test.png: 2015-07-31 01:07:32.000000000 -04:00
build/images/novelshare-test.jpg: 2015-07-31 01:06:26.000000000 -04:00
build/images/profile-pic.png: 2015-07-31 01:06:52.000000000 -04:00
build/images/quiz-test-copy.jpg: 2015-07-31 01:06:26.000000000 -04:00
build/images/quiz.gif: 2015-07-31 01:06:26.000000000 -04:00
